600
16 16 0 500 1177
3 3 15 500 7905
9 9 11 500 17310
4 4 15 500 22981
5 5 12 500 24180
29 9 3 500 41400
18 18 13 500 43148
10 10 9 500 47294
15 15 16 500 54046
24 4 14 500 57171
25 5 9 500 64091
2 2 13 500 64856
7 7 6 500 77490
35 15 17 500 80392
12 12 10 500 81306
1 1 10 500 83479
11 11 5 500 88212
55 15 14 500 103100
49 9 10 500 103394
27 7 1 500 106094
21 1 5 500 107288
38 18 10 500 118955
19 19 11 500 127656
75 15 11 500 131969
8 8 9 500 133180
17 17 8 500 133384
6 6 16 500 138597
0 0 19 500 146240
13 13 14 500 147451
32 12 15 500 147671
44 4 15 500 152719
69 9 16 500 161577
23 3 8 500 163669
31 11 9 500 165508
26 6 12 500 170764
28 8 5 500 171068
43 3 13 500 173501
63 3 12 500 182437
14 14 13 500 182907
22 2 13 500 184292
34 14 16 500 186581
36 16 15 500 190516
52 12 3 500 210019
39 19 8 500 215399
37 17 5 500 218034
58 18 17 500 226194
45 5 8 500 228257
47 7 2 500 235387
30 10 15 500 238225
59 19 9 500 253905
83 3 9 500 253931
20 0 19 500 254753
78 18 1 500 263800
41 1 2 500 272825
48 8 9 500 273915
79 19 6 500 281532
61 1 17 500 287945
57 17 1 500 295914
54 14 3 500 304410
56 16 15 500 305021
51 11 15 500 308069
95 15 12 500 313995
89 9 19 500 315070
99 19 18 500 318386
98 18 5 500 325208
119 19 0 500 327170
33 13 4 500 330945
65 5 18 500 331464
46 6 9 500 331527
71 11 15 500 331602
115 15 18 500 333724
64 4 19 500 334771
66 6 2 500 340002
139 19 4 500 354942
77 17 16 500 360538
42 2 6 500 364422
81 1 8 500 365798
50 10 14 500 388515
40 0 5 500 393593
85 5 2 500 397615
135 15 5 500 400382
72 12 6 500 403009
97 17 3 500 403834
103 3 8 500 409937
74 14 4 500 417388
159 19 11 500 428878
67 7 0 500 433210
84 4 18 500 433731
101 1 10 500 435262
117 17 7 500 445446
104 4 0 500 466088
68 8 3 500 471746
137 17 7 500 472589
70 10 15 500 473797
86 6 16 500 474424
92 12 14 500 478565
76 16 5 500 490327
91 11 15 500 492551
109 9 0 500 495060
123 3 16 500 502506
53 13 16 500 505201
143 3 8 500 514496
94 14 13 500 516022
118 18 5 500 516600
124 4 8 500 519485
73 13 5 500 525476
121 1 8 500 528013
62 2 8 500 533409
106 6 15 500 541843
87 7 14 500 542093
163 3 0 500 545600
155 15 9 500 550460
141 1 19 500 551893
157 17 1 500 553701
114 14 4 500 560719
60 0 5 500 563432
179 19 11 500 573979
177 17 9 500 577556
105 5 3 500 581886
138 18 16 500 585065
90 10 8 500 585589
88 8 6 500 586696
129 9 19 500 587949
149 9 19 500 623223
112 12 15 500 626313
126 6 10 500 627623
80 0 4 500 631775
107 7 19 500 633544
82 2 12 500 634864
144 4 10 500 636444
199 19 6 500 636699
111 11 15 500 654310
183 3 12 500 660217
203 3 0 500 661526
96 16 14 500 675235
161 1 4 500 684179
164 4 12 500 684197
146 6 17 500 694324
93 13 4 500 702719
166 6 18 500 711838
158 18 7 500 718451
127 7 1 500 719887
169 9 2 500 729795
197 17 9 500 730102
125 5 17 500 737443
175 15 17 500 739856
219 19 15 500 751862
132 12 18 500 751977
134 14 1 500 754593
239 19 2 500 756944
108 8 3 500 757991
131 11 4 500 759749
223 3 13 500 768417
147 7 14 500 776857
110 10 14 500 784005
184 4 12 500 795130
100 0 15 500 800095
128 8 3 500 806214
181 1 15 500 808636
116 16 9 500 810134
154 14 2 500 815766
130 10 0 500 824135
151 11 18 500 824862
102 2 15 500 826053
217 17 2 500 828177
174 14 18 500 829346
186 6 0 500 839882
150 10 5 500 842739
259 19 15 500 848818
206 6 0 500 852255
226 6 9 500 852927
243 3 18 500 856900
167 7 3 500 863685
246 6 9 500 866636
195 15 13 500 870288
148 8 3 500 875051
189 9 13 500 877703
178 18 8 500 879593
120 0 19 500 882770
201 1 14 500 887121
136 16 6 500 888149
122 2 19 500 890182
113 13 9 500 898259
194 14 12 500 900442
145 5 16 500 903585
237 17 19 500 904158
266 6 9 500 919727
257 17 16 500 922218
165 5 19 500 922849
277 17 3 500 923190
286 6 4 500 925727
152 12 15 500 937171
263 3 9 500 954580
204 4 6 500 965427
279 19 18 500 969712
297 17 0 500 987375
221 1 18 500 987831
241 1 17 500 989093
142 2 7 500 991328
198 18 3 500 995973
283 3 1 500 998040
170 10 9 500 1007421
171 11 14 500 1014024
172 12 16 500 1017984
215 15 2 500 1018460
185 5 17 500 1032737
133 13 8 500 1049581
140 0 16 500 1049599
168 8 16 500 1050185
187 7 6 500 1052756
306 6 5 500 1060984
156 16 13 500 1061365
299 19 5 500 1061896
214 14 8 500 1067508
188 8 19 500 1070713
209 9 14 500 1071099
303 3 2 500 1071703
317 17 6 500 1073612
176 16 14 500 1089049
160 0 10 500 1096784
229 9 8 500 1097200
261 1 5 500 1097830
323 3 14 500 1098254
207 7 18 500 1105577
281 1 2 500 1121088
337 17 5 500 1125667
224 4 18 500 1127561
235 15 18 500 1129227
208 8 19 500 1131280
227 7 13 500 1131671
319 19 6 500 1132678
205 5 16 500 1133089
218 18 10 500 1140391
247 7 17 500 1143122
244 4 3 500 1146386
357 17 2 500 1147539
162 2 18 500 1153192
191 11 0 500 1157101
190 10 2 500 1171915
211 11 0 500 1179606
182 2 6 500 1201435
192 12 4 500 1202822
153 13 14 500 1212196
326 6 15 500 1225003
255 15 14 500 1228279
196 16 3 500 1229945
238 18 9 500 1230251
216 16 6 500 1231648
249 9 12 500 1231744
212 12 9 500 1232744
236 16 4 500 1233012
210 10 17 500 1233197
269 9 16 500 1238886
301 1 8 500 1246353
267 7 11 500 1252337
275 15 8 500 1255068
343 3 8 500 1256864
234 14 18 500 1260355
321 1 7 500 1263334
180 0 3 500 1266325
264 4 14 500 1272063
228 8 16 500 1278921
258 18 15 500 1281774
341 1 4 500 1283511
225 5 9 500 1283673
254 14 3 500 1286162
363 3 6 500 1287674
339 19 15 500 1309663
377 17 4 500 1317430
346 6 5 500 1321393
202 2 5 500 1323298
245 5 18 500 1325481
231 11 0 500 1325788
289 9 11 500 1331686
256 16 8 500 1345178
232 12 18 500 1358526
383 3 16 500 1360487
248 8 15 500 1361373
251 11 1 500 1367889
295 15 12 500 1370051
274 14 8 500 1382966
294 14 0 500 1383695
287 7 0 500 1394378
361 1 12 500 1398441
173 13 5 500 1400013
230 10 5 500 1403556
200 0 10 500 1404881
381 1 8 500 1424063
315 15 2 500 1430886
222 2 5 500 1432447
276 16 15 500 1441365
265 5 13 500 1454610
309 9 5 500 1455650
397 17 2 500 1457973
278 18 9 500 1461341
284 4 16 500 1465169
252 12 3 500 1465519
250 10 11 500 1470041
401 1 10 500 1496829
307 7 9 500 1498636
268 8 7 500 1499889
359 19 8 500 1501596
193 13 6 500 1506591
366 6 14 500 1514985
272 12 16 500 1521231
271 11 5 500 1540589
403 3 13 500 1541545
296 16 9 500 1552210
327 7 14 500 1558665
242 2 17 500 1560702
421 1 4 500 1562250
270 10 1 500 1563323
386 6 2 500 1574835
314 14 9 500 1574882
220 0 12 500 1577335
329 9 7 500 1593872
347 7 14 500 1596455
379 19 14 500 1598054
423 3 10 500 1600957
285 5 15 500 1603463
335 15 6 500 1603833
316 16 4 500 1608440
288 8 17 500 1612703
304 4 15 500 1620794
213 13 5 500 1622761
292 12 6 500 1625551
417 17 12 500 1630881
367 7 10 500 1640773
312 12 10 500 1652943
298 18 1 500 1655907
324 4 7 500 1660868
334 14 12 500 1664395
305 5 13 500 1664542
308 8 4 500 1677465
290 10 12 500 1689295
318 18 10 500 1709813
240 0 14 500 1710699
354 14 1 500 1715389
291 11 4 500 1716842
399 19 9 500 1726696
328 8 7 500 1731015
260 0 16 500 1731326
262 2 7 500 1731579
374 14 19 500 1734350
441 1 18 500 1735130
461 1 7 500 1751344
406 6 14 500 1761130
349 9 2 500 1763687
233 13 3 500 1767594
437 17 1 500 1777102
443 3 7 500 1794406
253 13 15 500 1795160
355 15 12 500 1797750
394 14 8 500 1803684
336 16 7 500 1807719
481 1 11 500 1809784
311 11 6 500 1812347
325 5 17 500 1812693
273 13 9 500 1816586
310 10 12 500 1818748
387 7 10 500 1830699
332 12 16 500 1837600
344 4 12 500 1847465
414 14 18 500 1852873
331 11 0 500 1856222
338 18 5 500 1870185
330 10 0 500 1891127
419 19 10 500 1894624
375 15 19 500 1902029
501 1 0 500 1904278
345 5 18 500 1905534
293 13 5 500 1906310
280 0 11 500 1911406
348 8 2 500 1921696
426 6 3 500 1925925
351 11 19 500 1927350
282 2 19 500 1927388
356 16 18 500 1932550
369 9 18 500 1934645
407 7 8 500 1934718
457 17 18 500 1959478
365 5 13 500 1973957
463 3 13 500 1977244
434 14 16 500 1989089
300 0 19 500 1993505
350 10 3 500 1994471
389 9 4 500 1997846
439 19 11 500 2009227
358 18 13 500 2013689
454 14 19 500 2014241
477 17 18 500 2014884
371 11 10 500 2019105
376 16 17 500 2019787
352 12 2 500 2020495
427 7 5 500 2031974
364 4 17 500 2034611
395 15 6 500 2044483
320 0 15 500 2044721
384 4 13 500 2045226
340 0 16 500 2048400
483 3 4 500 2049708
372 12 5 500 2050668
360 0 5 500 2051567
503 3 13 500 2053060
396 16 6 500 2054068
391 11 18 500 2067643
446 6 3 500 2069788
521 1 10 500 2072052
497 17 5 500 2074741
392 12 7 500 2087561
302 2 16 500 2090479
380 0 11 500 2103097
313 13 3 500 2103467
368 8 15 500 2108283
378 18 12 500 2110470
388 8 2 500 2142174
541 1 14 500 2145672
408 8 19 500 2147857
385 5 6 500 2152262
409 9 18 500 2154208
412 12 14 500 2154955
370 10 1 500 2159284
523 3 12 500 2159589
543 3 16 500 2163561
459 19 10 500 2165654
405 5 1 500 2166126
415 15 14 500 2171083
563 3 4 500 2178608
404 4 11 500 2183022
322 2 16 500 2184525
474 14 3 500 2185366
432 12 10 500 2193079
447 7 1 500 2194832
400 0 9 500 2210429
416 16 3 500 2232773
390 10 3 500 2236351
411 11 1 500 2237081
466 6 8 500 2242171
517 17 8 500 2245241
435 15 5 500 2246676
428 8 7 500 2251080
410 10 19 500 2257859
561 1 10 500 2258466
420 0 17 500 2259858
425 5 6 500 2264078
494 14 19 500 2265019
479 19 10 500 2266666
398 18 8 500 2272339
436 16 5 500 2280745
456 16 18 500 2299093
333 13 4 500 2300602
467 7 8 500 2311121
537 17 7 500 2323273
514 14 1 500 2324997
342 2 13 500 2328874
440 0 9 500 2331470
418 18 5 500 2334897
557 17 0 500 2336634
583 3 6 500 2339748
429 9 14 500 2340513
581 1 2 500 2342450
577 17 11 500 2342841
353 13 9 500 2347755
448 8 11 500 2351811
424 4 5 500 2353776
455 15 3 500 2385638
452 12 16 500 2390764
430 10 17 500 2394432
431 11 7 500 2395219
449 9 7 500 2397739
476 16 3 500 2401611
487 7 15 500 2410367
534 14 19 500 2411161
486 6 16 500 2411332
460 0 19 500 2413901
475 15 8 500 2417877
472 12 8 500 2421686
506 6 8 500 2423505
445 5 13 500 2424420
554 14 13 500 2427025
499 19 18 500 2432112
373 13 3 500 2432433
469 9 5 500 2452004
468 8 2 500 2467762
362 2 19 500 2475217
480 0 3 500 2492709
438 18 12 500 2494556
382 2 17 500 2504502
574 14 15 500 2509538
526 6 18 500 2515116
489 9 6 500 2515693
519 19 13 500 2516904
597 17 18 500 2519756
450 10 18 500 2521221
495 15 4 500 2528958
496 16 0 500 2531985
444 4 7 500 2538931
451 11 17 500 2542664
393 13 9 500 2555170
516 16 4 500 2560292
465 5 13 500 2573406
488 8 19 500 2578379
546 6 13 500 2583467
539 19 10 500 2588300
509 9 12 500 2590267
536 16 12 500 2596743
500 0 16 500 2600963
515 15 14 500 2603365
507 7 4 500 2609619
492 12 6 500 2614271
512 12 9 500 2619652
471 11 7 500 2629736
508 8 14 500 2634008
594 14 4 500 2640063
566 6 15 500 2646551
413 13 2 500 2648081
586 6 19 500 2656495
402 2 5 500 2657066
529 9 2 500 2660651
458 18 0 500 2677034
485 5 13 500 2677299
470 10 14 500 2683288
491 11 19 500 2690886
520 0 14 500 2691060
556 16 11 500 2697975
464 4 10 500 2703465
505 5 3 500 2706018
511 11 12 500 2709482
531 11 16 500 2726441
559 19 9 500 2727658
527 7 9 500 2730655
579 19 3 500 2731044
490 10 7 500 2746399
525 5 17 500 2749014
478 18 16 500 2753764
535 15 3 500 2762462
540 0 17 500 2781577
532 12 9 500 2782548
555 15 13 500 2794174
576 16 8 500 2800020
545 5 9 500 2811178
433 13 5 500 2820480
528 8 1 500 2822257
422 2 9 500 2825113
596 16 4 500 2828948
551 11 10 500 2829507
571 11 1 500 2833121
549 9 5 500 2842195
560 0 12 500 2846822
453 13 11 500 2861465
498 18 11 500 2872571
575 15 5 500 2883346
484 4 9 500 2884673
518 18 3 500 2885416
591 11 3 500 2887980
569 9 12 500 2888315
595 15 17 500 2898800
510 10 11 500 2905482
538 18 7 500 2906166
547 7 1 500 2910320
580 0 3 500 2913872
599 19 18 500 2919074
530 10 18 500 2927804
548 8 2 500 2938045
550 10 2 500 2944705
442 2 6 500 2955263
473 13 12 500 2964934
493 13 9 500 2969741
568 8 1 500 2970209
552 12 19 500 2975912
565 5 19 500 2983621
504 4 13 500 3005980
572 12 10 500 3008281
585 5 1 500 3014561
524 4 9 500 3028271
570 10 11 500 3028513
589 9 4 500 3036042
462 2 18 500 3041718
558 18 6 500 3055358
567 7 9 500 3065401
588 8 0 500 3069943
590 10 9 500 3094582
513 13 17 500 3112059
587 7 18 500 3119987
544 4 5 500 3136485
592 12 15 500 3171998
564 4 14 500 3173109
578 18 16 500 3199988
533 13 8 500 3225355
482 2 11 500 3238352
598 18 4 500 3263343
502 2 9 500 3348860
584 4 11 500 3358347
553 13 19 500 3366242
522 2 14 500 3476092
573 13 3 500 3477202
542 2 12 500 3501280
593 13 0 500 3602063
562 2 19 500 3631130
582 2 10 500 3732672
