50
2 2 9 40 658
8 8 7 40 658
18 8 1 40 658
7 7 1 40 1544
1 1 9 40 2518
0 0 5 40 2519
28 1 3 40 2520
4 4 6 40 2521
5 1 2 40 2522
10 0 2 40 2863
15 5 9 40 3180
9 9 3 40 3271
14 4 3 40 3275
19 9 8 40 3320
6 6 0 40 3488
3 3 5 40 3715
12 2 3 40 3820
17 7 0 40 4524
13 3 1 40 4547
25 5 3 40 4558
38 8 2 40 4652
20 0 6 40 4726
29 9 5 40 5260
23 3 1 40 5723
22 2 1 40 5857
16 6 1 40 5895
27 7 8 40 6185
37 7 1 40 6260
11 8 5 40 6313
48 8 7 40 6567
24 4 3 40 6575
30 0 8 40 6706
35 5 3 40 6825
32 2 9 40 6855
33 3 9 40 7367
39 9 6 40 7485
42 2 4 40 7975
21 5 6 40 8238
47 7 4 40 8280
49 9 8 40 9057
34 4 3 40 9460
45 5 6 40 9652
26 6 8 40 9678
43 3 0 40 10331
40 0 5 40 10517
44 4 0 40 10961
31 1 5 40 11175
36 6 7 40 12595
41 1 5 40 14369
46 6 4 40 15822
